[cam_0]
name = "08150951"
size = [ 1280, 1024,]
matrix = [ [ 1067.9225054137046, 0.0, 639.5,], [ 0.0, 1067.9225054137046, 511.5,], [ 0.0, 0.0, 1.0,],]
distortions = [ -0.10246784690944921, 0.0, 0.0, 0.0, 0.0,]
rotation = [ 0.009222141157188076, -0.0059704594552944, 0.013773200850865676,]
translation = [ 5.194803293928078, 5.78258774174294, 15.814558512700176,]

[cam_1]
name = "08151951"
size = [ 1280, 1024,]
matrix = [ [ 1067.384211290419, 0.0, 639.5,], [ 0.0, 1067.384211290419, 511.5,], [ 0.0, 0.0, 1.0,],]
distortions = [ -0.08263017194815957, 0.0, 0.0, 0.0, 0.0,]
rotation = [ -0.544367358610382, -0.5006918253610788, -0.362236805879157,]
translation = [ 316.1437666763086, -551.5908645909052, -16.36850316387838,]

[cam_2]
name = "08152151"
size = [ 1280, 1024,]
matrix = [ [ 1104.2542468317477, 0.0, 639.5,], [ 0.0, 1104.2542468317477, 511.5,], [ 0.0, 0.0, 1.0,],]
distortions = [ -0.1038800294047774, 0.0, 0.0, 0.0, 0.0,]
rotation = [ -0.007395218084638588, 1.5354739618419764, 2.5853020451880133,]
translation = [ -17.6048241073556, -663.748705065386, 339.5702687287442,]

[cam_3]
name = "08154551"
size = [ 1280, 1024,]
matrix = [ [ 1080.042210910191, 0.0, 639.5,], [ 0.0, 1080.042210910191, 511.5,], [ 0.0, 0.0, 1.0,],]
distortions = [ -0.08897074091942854, 0.0, 0.0, 0.0, 0.0,]
rotation = [ -0.10177790236377565, -1.8286204129357133, -1.5897469608795916,]
translation = [ 358.49254717497956, -832.4227560307336, 409.56880556163316,]

[metadata]
