[cam_0]
name = "08154551"
size = [ 1280, 1024,]
matrix = [ [ 1065.892273584922, 0.0, 639.5,], [ 0.0, 1065.892273584922, 511.5,], [ 0.0, 0.0, 1.0,],]
distortions = [ -0.10225267454326349, 0.0, 0.0, 0.0, 0.0,]
rotation = [ 0.011348558288614795, -0.005197076117088403, 0.014669940885902436,]
translation = [ 4.887114906354385, 6.516557887396102, 14.672415439690417,]

[cam_1]
name = "08150951"
size = [ 1280, 1024,]
matrix = [ [ 1069.0380917289335, 0.0, 639.5,], [ 0.0, 1069.0380917289335, 511.5,], [ 0.0, 0.0, 1.0,],]
distortions = [ -0.08417035518348372, 0.0, 0.0, 0.0, 0.0,]
rotation = [ -0.5416785463206302, -0.5002503459002422, -0.36061950289382183,]
translation = [ 316.67149153801665, -550.6899729945612, -16.180390120560464,]

[cam_2]
name = "08151951"
size = [ 1280, 1024,]
matrix = [ [ 1099.6708890899774, 0.0, 639.5,], [ 0.0, 1099.6708890899774, 511.5,], [ 0.0, 0.0, 1.0,],]
distortions = [ -0.10426548437570199, 0.0, 0.0, 0.0, 0.0,]
rotation = [ -0.006802051773958814, 1.537837804380929, 2.5855409215243537,]
translation = [ -17.59663391894596, -663.7983164358187, 336.5826223833225,]

[cam_3]
name = "08152151"
size = [ 1280, 1024,]
matrix = [ [ 1077.4907710899513, 0.0, 639.5,], [ 0.0, 1077.4907710899513, 511.5,], [ 0.0, 0.0, 1.0,],]
distortions = [ -0.0909781621147938, 0.0, 0.0, 0.0, 0.0,]
rotation = [ -0.10164930491292605, -1.8285460037963468, -1.5870601090110124,]
translation = [ 358.91263380040294, -832.3458199070434, 408.19242680783316,]

[metadata]
